2 1000000 4 500000 5 400000 8 250000 10 200000 16 125000 20 100000 25 80000 32 62500 40 50000 50 40000 64 31250 80 25000 100 20000 125 16000 128 15625 160 12500 200 10000 250 8000 320 6250 400 5000 500 4000 625 3200 640 3125 800 2500 1000 2000 1250 1600 
1751
2 2 2 2 2 2 2 5 5 5 5 5 5
2 2 2 2 2 2 2 5 5 5 5 25
2 2 2 2 2 2 2 5 5 5 125
2 2 2 2 2 2 2 5 5 25 25
2 2 2 2 2 2 2 5 5 625
2 2 2 2 2 2 2 5 25 125
2 2 2 2 2 2 2 5 3125
2 2 2 2 2 2 2 25 25 25
2 2 2 2 2 2 2 25 625
2 2 2 2 2 2 2 125 125
2 2 2 2 2 2 2 15625
2 2 2 2 2 2 5 5 5 5 5 10
2 2 2 2 2 2 5 5 5 5 50
2 2 2 2 2 2 5 5 5 10 25
2 2 2 2 2 2 5 5 5 250
2 2 2 2 2 2 5 5 10 125
2 2 2 2 2 2 5 5 25 50
2 2 2 2 2 2 5 5 1250
2 2 2 2 2 2 5 10 25 25
2 2 2 2 2 2 5 10 625
2 2 2 2 2 2 5 25 250
2 2 2 2 2 2 5 50 125
2 2 2 2 2 2 5 6250
2 2 2 2 2 2 10 25 125
2 2 2 2 2 2 10 3125
2 2 2 2 2 2 25 25 50
2 2 2 2 2 2 25 1250
2 2 2 2 2 2 50 625
2 2 2 2 2 2 31250
2 2 2 2 2 2 125 250
2 2 2 2 2 4 5 5 5 5 5 5
2 2 2 2 2 4 5 5 5 5 25
2 2 2 2 2 4 5 5 5 125
2 2 2 2 2 4 5 5 25 25
2 2 2 2 2 4 5 5 625
2 2 2 2 2 4 5 25 125
2 2 2 2 2 4 5 3125
2 2 2 2 2 4 25 25 25
2 2 2 2 2 4 25 625
2 2 2 2 2 4 125 125
2 2 2 2 2 4 15625
2 2 2 2 2 5 5 5 5 5 20
2 2 2 2 2 5 5 5 5 10 10
2 2 2 2 2 5 5 5 5 100
2 2 2 2 2 5 5 5 10 50
2 2 2 2 2 5 5 5 20 25
2 2 2 2 2 5 5 5 500
2 2 2 2 2 5 5 10 10 25
2 2 2 2 2 5 5 10 250
2 2 2 2 2 5 5 20 125
2 2 2 2 2 5 5 25 100
2 2 2 2 2 5 5 50 50
2 2 2 2 2 5 5 2500
2 2 2 2 2 5 10 10 125
2 2 2 2 2 5 10 25 50
2 2 2 2 2 5 10 1250
2 2 2 2 2 5 20 25 25
2 2 2 2 2 5 20 625
2 2 2 2 2 5 25 500
2 2 2 2 2 5 50 250
2 2 2 2 2 5 100 125
2 2 2 2 2 5 12500
2 2 2 2 2 10 10 25 25
2 2 2 2 2 10 10 625
2 2 2 2 2 10 25 250
2 2 2 2 2 10 50 125
2 2 2 2 2 10 6250
2 2 2 2 2 20 25 125
2 2 2 2 2 20 3125
2 2 2 2 2 25 25 100
2 2 2 2 2 25 50 50
2 2 2 2 2 25 2500
2 2 2 2 2 62500
2 2 2 2 2 50 1250
2 2 2 2 2 100 625
2 2 2 2 2 125 500
2 2 2 2 2 250 250
2 2 2 2 4 5 5 5 5 5 10
2 2 2 2 4 5 5 5 5 50
2 2 2 2 4 5 5 5 10 25
2 2 2 2 4 5 5 5 250
2 2 2 2 4 5 5 10 125
2 2 2 2 4 5 5 25 50
2 2 2 2 4 5 5 1250
2 2 2 2 4 5 10 25 25
2 2 2 2 4 5 10 625
2 2 2 2 4 5 25 250
2 2 2 2 4 5 50 125
2 2 2 2 4 5 6250
2 2 2 2 4 10 25 125
2 2 2 2 4 10 3125
2 2 2 2 4 25 25 50
2 2 2 2 4 25 1250
2 2 2 2 4 50 625
2 2 2 2 4 31250
2 2 2 2 4 125 250
2 2 2 2 5 5 5 5 5 5 8
2 2 2 2 5 5 5 5 5 40
2 2 2 2 5 5 5 5 8 25
2 2 2 2 5 5 5 5 10 20
2 2 2 2 5 5 5 5 200
2 2 2 2 5 5 5 8 125
2 2 2 2 5 5 5 10 10 10
2 2 2 2 5 5 5 10 100
2 2 2 2 5 5 5 20 50
2 2 2 2 5 5 5 25 40
2 2 2 2 5 5 5 1000
2 2 2 2 5 5 8 25 25
2 2 2 2 5 5 8 625
2 2 2 2 5 5 10 10 50
2 2 2 2 5 5 10 20 25
2 2 2 2 5 5 10 500
2 2 2 2 5 5 20 250
2 2 2 2 5 5 25 200
2 2 2 2 5 5 40 125
2 2 2 2 5 5 50 100
2 2 2 2 5 5 5000
2 2 2 2 5 8 25 125
2 2 2 2 5 8 3125
2 2 2 2 5 10 10 10 25
2 2 2 2 5 10 10 250
2 2 2 2 5 10 20 125
2 2 2 2 5 10 25 100
2 2 2 2 5 10 50 50
2 2 2 2 5 10 2500
2 2 2 2 5 20 25 50
2 2 2 2 5 20 1250
2 2 2 2 5 25 25 40
2 2 2 2 5 25 1000
2 2 2 2 5 40 625
2 2 2 2 5 50 500
2 2 2 2 5 25000
2 2 2 2 5 100 250
2 2 2 2 5 125 200
2 2 2 2 8 25 25 25
2 2 2 2 8 25 625
2 2 2 2 8 125 125
2 2 2 2 8 15625
2 2 2 2 10 10 10 125
2 2 2 2 10 10 25 50
2 2 2 2 10 10 1250
2 2 2 2 10 20 25 25
2 2 2 2 10 20 625
2 2 2 2 10 25 500
2 2 2 2 10 50 250
2 2 2 2 10 100 125
2 2 2 2 10 12500
2 2 2 2 125000
2 2 2 2 20 25 250
2 2 2 2 20 50 125
2 2 2 2 20 6250
2 2 2 2 25 25 200
2 2 2 2 25 40 125
2 2 2 2 25 50 100
2 2 2 2 25 5000
2 2 2 2 40 3125
2 2 2 2 50 50 50
2 2 2 2 50 2500
2 2 2 2 100 1250
2 2 2 2 125 1000
2 2 2 2 200 625
2 2 2 2 250 500
2 2 2 4 4 5 5 5 5 5 5
2 2 2 4 4 5 5 5 5 25
2 2 2 4 4 5 5 5 125
2 2 2 4 4 5 5 25 25
2 2 2 4 4 5 5 625
2 2 2 4 4 5 25 125
2 2 2 4 4 5 3125
2 2 2 4 4 25 25 25
2 2 2 4 4 25 625
2 2 2 4 4 125 125
2 2 2 4 4 15625
2 2 2 4 5 5 5 5 5 20
2 2 2 4 5 5 5 5 10 10
2 2 2 4 5 5 5 5 100
2 2 2 4 5 5 5 10 50
2 2 2 4 5 5 5 20 25
2 2 2 4 5 5 5 500
2 2 2 4 5 5 10 10 25
2 2 2 4 5 5 10 250
2 2 2 4 5 5 20 125
2 2 2 4 5 5 25 100
2 2 2 4 5 5 50 50
2 2 2 4 5 5 2500
2 2 2 4 5 10 10 125
2 2 2 4 5 10 25 50
2 2 2 4 5 10 1250
2 2 2 4 5 20 25 25
2 2 2 4 5 20 625
2 2 2 4 5 25 500
2 2 2 4 5 50 250
2 2 2 4 5 100 125
2 2 2 4 5 12500
2 2 2 4 10 10 25 25
2 2 2 4 10 10 625
2 2 2 4 10 25 250
2 2 2 4 10 50 125
2 2 2 4 10 6250
2 2 2 4 20 25 125
2 2 2 4 20 3125
2 2 2 4 25 25 100
2 2 2 4 25 50 50
2 2 2 4 25 2500
2 2 2 4 62500
2 2 2 4 50 1250
2 2 2 4 100 625
2 2 2 4 125 500
2 2 2 4 250 250
2 2 2 5 5 5 5 5 5 16
2 2 2 5 5 5 5 5 8 10
2 2 2 5 5 5 5 5 80
2 2 2 5 5 5 5 8 50
2 2 2 5 5 5 5 10 40
2 2 2 5 5 5 5 16 25
2 2 2 5 5 5 5 20 20
2 2 2 5 5 5 5 400
2 2 2 5 5 5 8 10 25
2 2 2 5 5 5 8 250
2 2 2 5 5 5 10 10 20
2 2 2 5 5 5 10 200
2 2 2 5 5 5 16 125
2 2 2 5 5 5 20 100
2 2 2 5 5 5 25 80
2 2 2 5 5 5 40 50
2 2 2 5 5 5 2000
2 2 2 5 5 8 10 125
2 2 2 5 5 8 25 50
2 2 2 5 5 8 1250
2 2 2 5 5 10 10 10 10
2 2 2 5 5 10 10 100
2 2 2 5 5 10 20 50
2 2 2 5 5 10 25 40
2 2 2 5 5 10 1000
2 2 2 5 5 16 25 25
2 2 2 5 5 16 625
2 2 2 5 5 20 20 25
2 2 2 5 5 20 500
2 2 2 5 5 25 400
2 2 2 5 5 40 250
2 2 2 5 5 50 200
2 2 2 5 5 80 125
2 2 2 5 5 100 100
2 2 2 5 5 10000
2 2 2 5 8 10 25 25
2 2 2 5 8 10 625
2 2 2 5 8 25 250
2 2 2 5 8 50 125
2 2 2 5 8 6250
2 2 2 5 10 10 10 50
2 2 2 5 10 10 20 25
2 2 2 5 10 10 500
2 2 2 5 10 20 250
2 2 2 5 10 25 200
2 2 2 5 10 40 125
2 2 2 5 10 50 100
2 2 2 5 10 5000
2 2 2 5 16 25 125
2 2 2 5 16 3125
2 2 2 5 20 20 125
2 2 2 5 20 25 100
2 2 2 5 20 50 50
2 2 2 5 20 2500
2 2 2 5 25 25 80
2 2 2 5 25 40 50
2 2 2 5 25 2000
2 2 2 5 40 1250
2 2 2 5 50000
2 2 2 5 50 1000
2 2 2 5 80 625
2 2 2 5 100 500
2 2 2 5 125 400
2 2 2 5 200 250
2 2 2 8 10 25 125
2 2 2 8 10 3125
2 2 2 8 25 25 50
2 2 2 8 25 1250
2 2 2 8 50 625
2 2 2 8 31250
2 2 2 8 125 250
2 2 2 250000
2 2 2 10 10 10 10 25
2 2 2 10 10 10 250
2 2 2 10 10 20 125
2 2 2 10 10 25 100
2 2 2 10 10 50 50
2 2 2 10 10 2500
2 2 2 10 20 25 50
2 2 2 10 20 1250
2 2 2 10 25 25 40
2 2 2 10 25 1000
2 2 2 10 40 625
2 2 2 10 50 500
2 2 2 10 25000
2 2 2 10 100 250
2 2 2 10 125 200
2 2 2 16 25 25 25
2 2 2 16 25 625
2 2 2 16 125 125
2 2 2 16 15625
2 2 2 20 20 25 25
2 2 2 20 20 625
2 2 2 20 25 500
2 2 2 20 50 250
2 2 2 20 100 125
2 2 2 20 12500
2 2 2 25 25 400
2 2 2 25 40 250
2 2 2 25 50 200
2 2 2 25 80 125
2 2 2 25 100 100
2 2 2 25 10000
2 2 2 40 50 125
2 2 2 40 6250
2 2 2 50 50 100
2 2 2 50 5000
2 2 2 80 3125
2 2 2 100 2500
2 2 2 125 2000
2 2 2 200 1250
2 2 2 250 1000
2 2 2 400 625
2 2 2 500 500
2 2 4 4 5 5 5 5 5 10
2 2 4 4 5 5 5 5 50
2 2 4 4 5 5 5 10 25
2 2 4 4 5 5 5 250
2 2 4 4 5 5 10 125
2 2 4 4 5 5 25 50
2 2 4 4 5 5 1250
2 2 4 4 5 10 25 25
2 2 4 4 5 10 625
2 2 4 4 5 25 250
2 2 4 4 5 50 125
2 2 4 4 5 6250
2 2 4 4 10 25 125
2 2 4 4 10 3125
2 2 4 4 25 25 50
2 2 4 4 25 1250
2 2 4 4 50 625
2 2 4 4 31250
2 2 4 4 125 250
2 2 4 5 5 5 5 5 5 8
2 2 4 5 5 5 5 5 40
2 2 4 5 5 5 5 8 25
2 2 4 5 5 5 5 10 20
2 2 4 5 5 5 5 200
2 2 4 5 5 5 8 125
2 2 4 5 5 5 10 10 10
2 2 4 5 5 5 10 100
2 2 4 5 5 5 20 50
2 2 4 5 5 5 25 40
2 2 4 5 5 5 1000
2 2 4 5 5 8 25 25
2 2 4 5 5 8 625
2 2 4 5 5 10 10 50
2 2 4 5 5 10 20 25
2 2 4 5 5 10 500
2 2 4 5 5 20 250
2 2 4 5 5 25 200
2 2 4 5 5 40 125
2 2 4 5 5 50 100
2 2 4 5 5 5000
2 2 4 5 8 25 125
2 2 4 5 8 3125
2 2 4 5 10 10 10 25
2 2 4 5 10 10 250
2 2 4 5 10 20 125
2 2 4 5 10 25 100
2 2 4 5 10 50 50
2 2 4 5 10 2500
2 2 4 5 20 25 50
2 2 4 5 20 1250
2 2 4 5 25 25 40
2 2 4 5 25 1000
2 2 4 5 40 625
2 2 4 5 50 500
2 2 4 5 25000
2 2 4 5 100 250
2 2 4 5 125 200
2 2 4 8 25 25 25
2 2 4 8 25 625
2 2 4 8 125 125
2 2 4 8 15625
2 2 4 10 10 10 125
2 2 4 10 10 25 50
2 2 4 10 10 1250
2 2 4 10 20 25 25
2 2 4 10 20 625
2 2 4 10 25 500
2 2 4 10 50 250
2 2 4 10 100 125
2 2 4 10 12500
2 2 4 125000
2 2 4 20 25 250
2 2 4 20 50 125
2 2 4 20 6250
2 2 4 25 25 200
2 2 4 25 40 125
2 2 4 25 50 100
2 2 4 25 5000
2 2 4 40 3125
2 2 4 50 50 50
2 2 4 50 2500
2 2 4 100 1250
2 2 4 125 1000
2 2 4 200 625
2 2 4 250 500
2 2 500000
2 2 5 5 5 5 5 5 32
2 2 5 5 5 5 5 8 20
2 2 5 5 5 5 5 10 16
2 2 5 5 5 5 5 160
2 2 5 5 5 5 8 10 10
2 2 5 5 5 5 8 100
2 2 5 5 5 5 10 80
2 2 5 5 5 5 16 50
2 2 5 5 5 5 20 40
2 2 5 5 5 5 25 32
2 2 5 5 5 5 800
2 2 5 5 5 8 10 50
2 2 5 5 5 8 20 25
2 2 5 5 5 8 500
2 2 5 5 5 10 10 40
2 2 5 5 5 10 16 25
2 2 5 5 5 10 20 20
2 2 5 5 5 10 400
2 2 5 5 5 16 250
2 2 5 5 5 20 200
2 2 5 5 5 25 160
2 2 5 5 5 32 125
2 2 5 5 5 40 100
2 2 5 5 5 50 80
2 2 5 5 5 4000
2 2 5 5 8 10 10 25
2 2 5 5 8 10 250
2 2 5 5 8 20 125
2 2 5 5 8 25 100
2 2 5 5 8 50 50
2 2 5 5 8 2500
2 2 5 5 10 10 10 20
2 2 5 5 10 10 200
2 2 5 5 10 16 125
2 2 5 5 10 20 100
2 2 5 5 10 25 80
2 2 5 5 10 40 50
2 2 5 5 10 2000
2 2 5 5 16 25 50
2 2 5 5 16 1250
2 2 5 5 20 20 50
2 2 5 5 20 25 40
2 2 5 5 20 1000
2 2 5 5 25 25 32
2 2 5 5 25 800
2 2 5 5 32 625
2 2 5 5 40 500
2 2 5 5 50 400
2 2 5 5 80 250
2 2 5 5 100 200
2 2 5 5 20000
2 2 5 5 125 160
2 2 5 8 10 10 125
2 2 5 8 10 25 50
2 2 5 8 10 1250
2 2 5 8 20 25 25
2 2 5 8 20 625
2 2 5 8 25 500
2 2 5 8 50 250
2 2 5 8 100 125
2 2 5 8 12500
2 2 5 10 10 10 10 10
2 2 5 10 10 10 100
2 2 5 10 10 20 50
2 2 5 10 10 25 40
2 2 5 10 10 1000
2 2 5 10 16 25 25
2 2 5 10 16 625
2 2 5 10 20 20 25
2 2 5 10 20 500
2 2 5 10 25 400
2 2 5 10 40 250
2 2 5 10 50 200
2 2 5 10 80 125
2 2 5 10 100 100
2 2 5 10 10000
2 2 5 16 25 250
2 2 5 16 50 125
2 2 5 16 6250
2 2 5 20 20 250
2 2 5 20 25 200
2 2 5 20 40 125
2 2 5 20 50 100
2 2 5 20 5000
2 2 5 100000
2 2 5 25 25 160
2 2 5 25 32 125
2 2 5 25 40 100
2 2 5 25 50 80
2 2 5 25 4000
2 2 5 32 3125
2 2 5 40 50 50
2 2 5 40 2500
2 2 5 50 2000
2 2 5 80 1250
2 2 5 100 1000
2 2 5 125 800
2 2 5 160 625
2 2 5 200 500
2 2 5 250 400
2 2 8 10 10 25 25
2 2 8 10 10 625
2 2 8 10 25 250
2 2 8 10 50 125
2 2 8 10 6250
2 2 8 20 25 125
2 2 8 20 3125
2 2 8 25 25 100
2 2 8 25 50 50
2 2 8 25 2500
2 2 8 62500
2 2 8 50 1250
2 2 8 100 625
2 2 8 125 500
2 2 8 250 250
2 2 10 10 10 10 50
2 2 10 10 10 20 25
2 2 10 10 10 500
2 2 10 10 20 250
2 2 10 10 25 200
2 2 10 10 40 125
2 2 10 10 50 100
2 2 10 10 5000
2 2 10 16 25 125
2 2 10 16 3125
2 2 10 20 20 125
2 2 10 20 25 100
2 2 10 20 50 50
2 2 10 20 2500
2 2 10 25 25 80
2 2 10 25 40 50
2 2 10 25 2000
2 2 10 40 1250
2 2 10 50000
2 2 10 50 1000
2 2 10 80 625
2 2 10 100 500
2 2 10 125 400
2 2 10 200 250
2 2 16 25 25 50
2 2 16 25 1250
2 2 16 50 625
2 2 16 31250
2 2 16 125 250
2 2 20 20 25 50
2 2 20 20 1250
2 2 20 25 25 40
2 2 20 25 1000
2 2 20 40 625
2 2 20 50 500
2 2 20 25000
2 2 20 100 250
2 2 20 125 200
2 2 25 25 25 32
2 2 25 25 800
2 2 25 32 625
2 2 25 40 500
2 2 25 50 400
2 2 25 80 250
2 2 25 100 200
2 2 25 20000
2 2 25 125 160
2 2 32 125 125
2 2 32 15625
2 2 40 50 250
2 2 40 100 125
2 2 40 12500
2 2 50 50 200
2 2 50 80 125
2 2 50 100 100
2 2 50 10000
2 2 80 6250
2 2 100 5000
2 2 125 4000
2 2 160 3125
2 2 200 2500
2 2 250 2000
2 2 400 1250
2 2 500 1000
2 2 625 800
2 1000000
2 4 4 4 5 5 5 5 5 5
2 4 4 4 5 5 5 5 25
2 4 4 4 5 5 5 125
2 4 4 4 5 5 25 25
2 4 4 4 5 5 625
2 4 4 4 5 25 125
2 4 4 4 5 3125
2 4 4 4 25 25 25
2 4 4 4 25 625
2 4 4 4 125 125
2 4 4 4 15625
2 4 4 5 5 5 5 5 20
2 4 4 5 5 5 5 10 10
2 4 4 5 5 5 5 100
2 4 4 5 5 5 10 50
2 4 4 5 5 5 20 25
2 4 4 5 5 5 500
2 4 4 5 5 10 10 25
2 4 4 5 5 10 250
2 4 4 5 5 20 125
2 4 4 5 5 25 100
2 4 4 5 5 50 50
2 4 4 5 5 2500
2 4 4 5 10 10 125
2 4 4 5 10 25 50
2 4 4 5 10 1250
2 4 4 5 20 25 25
2 4 4 5 20 625
2 4 4 5 25 500
2 4 4 5 50 250
2 4 4 5 100 125
2 4 4 5 12500
2 4 4 10 10 25 25
2 4 4 10 10 625
2 4 4 10 25 250
2 4 4 10 50 125
2 4 4 10 6250
2 4 4 20 25 125
2 4 4 20 3125
2 4 4 25 25 100
2 4 4 25 50 50
2 4 4 25 2500
2 4 4 62500
2 4 4 50 1250
2 4 4 100 625
2 4 4 125 500
2 4 4 250 250
2 4 5 5 5 5 5 5 16
2 4 5 5 5 5 5 8 10
2 4 5 5 5 5 5 80
2 4 5 5 5 5 8 50
2 4 5 5 5 5 10 40
2 4 5 5 5 5 16 25
2 4 5 5 5 5 20 20
2 4 5 5 5 5 400
2 4 5 5 5 8 10 25
2 4 5 5 5 8 250
2 4 5 5 5 10 10 20
2 4 5 5 5 10 200
2 4 5 5 5 16 125
2 4 5 5 5 20 100
2 4 5 5 5 25 80
2 4 5 5 5 40 50
2 4 5 5 5 2000
2 4 5 5 8 10 125
2 4 5 5 8 25 50
2 4 5 5 8 1250
2 4 5 5 10 10 10 10
2 4 5 5 10 10 100
2 4 5 5 10 20 50
2 4 5 5 10 25 40
2 4 5 5 10 1000
2 4 5 5 16 25 25
2 4 5 5 16 625
2 4 5 5 20 20 25
2 4 5 5 20 500
2 4 5 5 25 400
2 4 5 5 40 250
2 4 5 5 50 200
2 4 5 5 80 125
2 4 5 5 100 100
2 4 5 5 10000
2 4 5 8 10 25 25
2 4 5 8 10 625
2 4 5 8 25 250
2 4 5 8 50 125
2 4 5 8 6250
2 4 5 10 10 10 50
2 4 5 10 10 20 25
2 4 5 10 10 500
2 4 5 10 20 250
2 4 5 10 25 200
2 4 5 10 40 125
2 4 5 10 50 100
2 4 5 10 5000
2 4 5 16 25 125
2 4 5 16 3125
2 4 5 20 20 125
2 4 5 20 25 100
2 4 5 20 50 50
2 4 5 20 2500
2 4 5 25 25 80
2 4 5 25 40 50
2 4 5 25 2000
2 4 5 40 1250
2 4 5 50000
2 4 5 50 1000
2 4 5 80 625
2 4 5 100 500
2 4 5 125 400
2 4 5 200 250
2 4 8 10 25 125
2 4 8 10 3125
2 4 8 25 25 50
2 4 8 25 1250
2 4 8 50 625
2 4 8 31250
2 4 8 125 250
2 4 250000
2 4 10 10 10 10 25
2 4 10 10 10 250
2 4 10 10 20 125
2 4 10 10 25 100
2 4 10 10 50 50
2 4 10 10 2500
2 4 10 20 25 50
2 4 10 20 1250
2 4 10 25 25 40
2 4 10 25 1000
2 4 10 40 625
2 4 10 50 500
2 4 10 25000
2 4 10 100 250
2 4 10 125 200
2 4 16 25 25 25
2 4 16 25 625
2 4 16 125 125
2 4 16 15625
2 4 20 20 25 25
2 4 20 20 625
2 4 20 25 500
2 4 20 50 250
2 4 20 100 125
2 4 20 12500
2 4 25 25 400
2 4 25 40 250
2 4 25 50 200
2 4 25 80 125
2 4 25 100 100
2 4 25 10000
2 4 40 50 125
2 4 40 6250
2 4 50 50 100
2 4 50 5000
2 4 80 3125
2 4 100 2500
2 4 125 2000
2 4 200 1250
2 4 250 1000
2 4 400 625
2 4 500 500
2 5 5 5 5 5 5 8 8
2 5 5 5 5 5 5 64
2 5 5 5 5 5 8 40
2 5 5 5 5 5 10 32
2 5 5 5 5 5 16 20
2 5 5 5 5 5 320
2 5 5 5 5 8 8 25
2 5 5 5 5 8 10 20
2 5 5 5 5 8 200
2 5 5 5 5 10 10 16
2 5 5 5 5 10 160
2 5 5 5 5 16 100
2 5 5 5 5 20 80
2 5 5 5 5 25 64
2 5 5 5 5 32 50
2 5 5 5 5 40 40
2 5 5 5 5 1600
2 5 5 5 8 8 125
2 5 5 5 8 10 10 10
2 5 5 5 8 10 100
2 5 5 5 8 20 50
2 5 5 5 8 25 40
2 5 5 5 8 1000
2 5 5 5 10 10 80
2 5 5 5 10 16 50
2 5 5 5 10 20 40
2 5 5 5 10 25 32
2 5 5 5 10 800
2 5 5 5 16 20 25
2 5 5 5 16 500
2 5 5 5 20 20 20
2 5 5 5 20 400
2 5 5 5 25 320
2 5 5 5 32 250
2 5 5 5 40 200
2 5 5 5 50 160
2 5 5 5 64 125
2 5 5 5 80 100
2 5 5 5 8000
2 5 5 8 8 25 25
2 5 5 8 8 625
2 5 5 8 10 10 50
2 5 5 8 10 20 25
2 5 5 8 10 500
2 5 5 8 20 250
2 5 5 8 25 200
2 5 5 8 40 125
2 5 5 8 50 100
2 5 5 8 5000
2 5 5 10 10 10 40
2 5 5 10 10 16 25
2 5 5 10 10 20 20
2 5 5 10 10 400
2 5 5 10 16 250
2 5 5 10 20 200
2 5 5 10 25 160
2 5 5 10 32 125
2 5 5 10 40 100
2 5 5 10 50 80
2 5 5 10 4000
2 5 5 16 20 125
2 5 5 16 25 100
2 5 5 16 50 50
2 5 5 16 2500
2 5 5 20 20 100
2 5 5 20 25 80
2 5 5 20 40 50
2 5 5 20 2000
2 5 5 25 25 64
2 5 5 25 32 50
2 5 5 25 40 40
2 5 5 25 1600
2 5 5 32 1250
2 5 5 40 1000
2 5 5 50 800
2 5 5 40000
2 5 5 64 625
2 5 5 80 500
2 5 5 100 400
2 5 5 125 320
2 5 5 160 250
2 5 5 200 200
2 5 8 8 25 125
2 5 8 8 3125
2 5 8 10 10 10 25
2 5 8 10 10 250
2 5 8 10 20 125
2 5 8 10 25 100
2 5 8 10 50 50
2 5 8 10 2500
2 5 8 20 25 50
2 5 8 20 1250
2 5 8 25 25 40
2 5 8 25 1000
2 5 8 40 625
2 5 8 50 500
2 5 8 25000
2 5 8 100 250
2 5 8 125 200
2 5 10 10 10 10 20
2 5 10 10 10 200
2 5 10 10 16 125
2 5 10 10 20 100
2 5 10 10 25 80
2 5 10 10 40 50
2 5 10 10 2000
2 5 10 16 25 50
2 5 10 16 1250
2 5 10 20 20 50
2 5 10 20 25 40
2 5 10 20 1000
2 5 10 25 25 32
2 5 10 25 800
2 5 10 32 625
2 5 10 40 500
2 5 10 50 400
2 5 10 80 250
2 5 10 100 200
2 5 10 20000
2 5 10 125 160
2 5 200000
2 5 16 20 25 25
2 5 16 20 625
2 5 16 25 500
2 5 16 50 250
2 5 16 100 125
2 5 16 12500
2 5 20 20 20 25
2 5 20 20 500
2 5 20 25 400
2 5 20 40 250
2 5 20 50 200
2 5 20 80 125
2 5 20 100 100
2 5 20 10000
2 5 25 25 320
2 5 25 32 250
2 5 25 40 200
2 5 25 50 160
2 5 25 64 125
2 5 25 80 100
2 5 25 8000
2 5 32 50 125
2 5 32 6250
2 5 40 40 125
2 5 40 50 100
2 5 40 5000
2 5 50 50 80
2 5 50 4000
2 5 64 3125
2 5 80 2500
2 5 100 2000
2 5 125 1600
2 5 160 1250
2 5 200 1000
2 5 250 800
2 5 320 625
2 5 400 500
2 8 8 25 25 25
2 8 8 25 625
2 8 8 125 125
2 8 8 15625
2 8 10 10 10 125
2 8 10 10 25 50
2 8 10 10 1250
2 8 10 20 25 25
2 8 10 20 625
2 8 10 25 500
2 8 10 50 250
2 8 10 100 125
2 8 10 12500
2 8 125000
2 8 20 25 250
2 8 20 50 125
2 8 20 6250
2 8 25 25 200
2 8 25 40 125
2 8 25 50 100
2 8 25 5000
2 8 40 3125
2 8 50 50 50
2 8 50 2500
2 8 100 1250
2 8 125 1000
2 8 200 625
2 8 250 500
2 10 10 10 10 10 10
2 10 10 10 10 100
2 10 10 10 20 50
2 10 10 10 25 40
2 10 10 10 1000
2 10 10 16 25 25
2 10 10 16 625
2 10 10 20 20 25
2 10 10 20 500
2 10 10 25 400
2 10 10 40 250
2 10 10 50 200
2 10 10 80 125
2 10 10 100 100
2 10 10 10000
2 10 16 25 250
2 10 16 50 125
2 10 16 6250
2 10 20 20 250
2 10 20 25 200
2 10 20 40 125
2 10 20 50 100
2 10 20 5000
2 10 100000
2 10 25 25 160
2 10 25 32 125
2 10 25 40 100
2 10 25 50 80
2 10 25 4000
2 10 32 3125
2 10 40 50 50
2 10 40 2500
2 10 50 2000
2 10 80 1250
2 10 100 1000
2 10 125 800
2 10 160 625
2 10 200 500
2 10 250 400
2 16 20 25 125
2 16 20 3125
2 16 25 25 100
2 16 25 50 50
2 16 25 2500
2 16 62500
2 16 50 1250
2 16 100 625
2 16 125 500
2 16 250 250
2 20 20 20 125
2 20 20 25 100
2 20 20 50 50
2 20 20 2500
2 20 25 25 80
2 20 25 40 50
2 20 25 2000
2 20 40 1250
2 20 50000
2 20 50 1000
2 20 80 625
2 20 100 500
2 20 125 400
2 20 200 250
2 25 25 25 64
2 25 25 32 50
2 25 25 40 40
2 25 25 1600
2 25 32 1250
2 25 40 1000
2 25 50 800
2 25 40000
2 25 64 625
2 25 80 500
2 25 100 400
2 25 125 320
2 25 160 250
2 25 200 200
2 32 50 625
2 32 31250
2 32 125 250
2 40 40 625
2 40 50 500
2 40 25000
2 40 100 250
2 40 125 200
2 50 50 400
2 50 80 250
2 50 100 200
2 50 20000
2 50 125 160
2 64 125 125
2 64 15625
2 80 100 125
2 80 12500
2 100 100 100
2 100 10000
2 125 8000
2 160 6250
2 200 5000
2 250 4000
2 320 3125
2 400 2500
2 500 2000
2 625 1600
2 800 1250
2 1000 1000
4 4 4 5 5 5 5 5 10
4 4 4 5 5 5 5 50
4 4 4 5 5 5 10 25
4 4 4 5 5 5 250
4 4 4 5 5 10 125
4 4 4 5 5 25 50
4 4 4 5 5 1250
4 4 4 5 10 25 25
4 4 4 5 10 625
4 4 4 5 25 250
4 4 4 5 50 125
4 4 4 5 6250
4 4 4 10 25 125
4 4 4 10 3125
4 4 4 25 25 50
4 4 4 25 1250
4 4 4 50 625
4 4 4 31250
4 4 4 125 250
4 4 5 5 5 5 5 5 8
4 4 5 5 5 5 5 40
4 4 5 5 5 5 8 25
4 4 5 5 5 5 10 20
4 4 5 5 5 5 200
4 4 5 5 5 8 125
4 4 5 5 5 10 10 10
4 4 5 5 5 10 100
4 4 5 5 5 20 50
4 4 5 5 5 25 40
4 4 5 5 5 1000
4 4 5 5 8 25 25
4 4 5 5 8 625
4 4 5 5 10 10 50
4 4 5 5 10 20 25
4 4 5 5 10 500
4 4 5 5 20 250
4 4 5 5 25 200
4 4 5 5 40 125
4 4 5 5 50 100
4 4 5 5 5000
4 4 5 8 25 125
4 4 5 8 3125
4 4 5 10 10 10 25
4 4 5 10 10 250
4 4 5 10 20 125
4 4 5 10 25 100
4 4 5 10 50 50
4 4 5 10 2500
4 4 5 20 25 50
4 4 5 20 1250
4 4 5 25 25 40
4 4 5 25 1000
4 4 5 40 625
4 4 5 50 500
4 4 5 25000
4 4 5 100 250
4 4 5 125 200
4 4 8 25 25 25
4 4 8 25 625
4 4 8 125 125
4 4 8 15625
4 4 10 10 10 125
4 4 10 10 25 50
4 4 10 10 1250
4 4 10 20 25 25
4 4 10 20 625
4 4 10 25 500
4 4 10 50 250
4 4 10 100 125
4 4 10 12500
4 4 125000
4 4 20 25 250
4 4 20 50 125
4 4 20 6250
4 4 25 25 200
4 4 25 40 125
4 4 25 50 100
4 4 25 5000
4 4 40 3125
4 4 50 50 50
4 4 50 2500
4 4 100 1250
4 4 125 1000
4 4 200 625
4 4 250 500
4 500000
4 5 5 5 5 5 5 32
4 5 5 5 5 5 8 20
4 5 5 5 5 5 10 16
4 5 5 5 5 5 160
4 5 5 5 5 8 10 10
4 5 5 5 5 8 100
4 5 5 5 5 10 80
4 5 5 5 5 16 50
4 5 5 5 5 20 40
4 5 5 5 5 25 32
4 5 5 5 5 800
4 5 5 5 8 10 50
4 5 5 5 8 20 25
4 5 5 5 8 500
4 5 5 5 10 10 40
4 5 5 5 10 16 25
4 5 5 5 10 20 20
4 5 5 5 10 400
4 5 5 5 16 250
4 5 5 5 20 200
4 5 5 5 25 160
4 5 5 5 32 125
4 5 5 5 40 100
4 5 5 5 50 80
4 5 5 5 4000
4 5 5 8 10 10 25
4 5 5 8 10 250
4 5 5 8 20 125
4 5 5 8 25 100
4 5 5 8 50 50
4 5 5 8 2500
4 5 5 10 10 10 20
4 5 5 10 10 200
4 5 5 10 16 125
4 5 5 10 20 100
4 5 5 10 25 80
4 5 5 10 40 50
4 5 5 10 2000
4 5 5 16 25 50
4 5 5 16 1250
4 5 5 20 20 50
4 5 5 20 25 40
4 5 5 20 1000
4 5 5 25 25 32
4 5 5 25 800
4 5 5 32 625
4 5 5 40 500
4 5 5 50 400
4 5 5 80 250
4 5 5 100 200
4 5 5 20000
4 5 5 125 160
4 5 8 10 10 125
4 5 8 10 25 50
4 5 8 10 1250
4 5 8 20 25 25
4 5 8 20 625
4 5 8 25 500
4 5 8 50 250
4 5 8 100 125
4 5 8 12500
4 5 10 10 10 10 10
4 5 10 10 10 100
4 5 10 10 20 50
4 5 10 10 25 40
4 5 10 10 1000
4 5 10 16 25 25
4 5 10 16 625
4 5 10 20 20 25
4 5 10 20 500
4 5 10 25 400
4 5 10 40 250
4 5 10 50 200
4 5 10 80 125
4 5 10 100 100
4 5 10 10000
4 5 16 25 250
4 5 16 50 125
4 5 16 6250
4 5 20 20 250
4 5 20 25 200
4 5 20 40 125
4 5 20 50 100
4 5 20 5000
4 5 100000
4 5 25 25 160
4 5 25 32 125
4 5 25 40 100
4 5 25 50 80
4 5 25 4000
4 5 32 3125
4 5 40 50 50
4 5 40 2500
4 5 50 2000
4 5 80 1250
4 5 100 1000
4 5 125 800
4 5 160 625
4 5 200 500
4 5 250 400
4 8 10 10 25 25
4 8 10 10 625
4 8 10 25 250
4 8 10 50 125
4 8 10 6250
4 8 20 25 125
4 8 20 3125
4 8 25 25 100
4 8 25 50 50
4 8 25 2500
4 8 62500
4 8 50 1250
4 8 100 625
4 8 125 500
4 8 250 250
4 10 10 10 10 50
4 10 10 10 20 25
4 10 10 10 500
4 10 10 20 250
4 10 10 25 200
4 10 10 40 125
4 10 10 50 100
4 10 10 5000
4 10 16 25 125
4 10 16 3125
4 10 20 20 125
4 10 20 25 100
4 10 20 50 50
4 10 20 2500
4 10 25 25 80
4 10 25 40 50
4 10 25 2000
4 10 40 1250
4 10 50000
4 10 50 1000
4 10 80 625
4 10 100 500
4 10 125 400
4 10 200 250
4 16 25 25 50
4 16 25 1250
4 16 50 625
4 16 31250
4 16 125 250
4 20 20 25 50
4 20 20 1250
4 20 25 25 40
4 20 25 1000
4 20 40 625
4 20 50 500
4 20 25000
4 20 100 250
4 20 125 200
4 25 25 25 32
4 25 25 800
4 25 32 625
4 25 40 500
4 25 50 400
4 25 80 250
4 25 100 200
4 25 20000
4 25 125 160
4 32 125 125
4 32 15625
4 40 50 250
4 40 100 125
4 40 12500
4 50 50 200
4 50 80 125
4 50 100 100
4 50 10000
4 80 6250
4 100 5000
4 125 4000
4 160 3125
4 200 2500
4 250 2000
4 400 1250
4 500 1000
4 625 800
5 5 5 5 5 5 8 16
5 5 5 5 5 5 128
5 5 5 5 5 8 8 10
5 5 5 5 5 8 80
5 5 5 5 5 10 64
5 5 5 5 5 16 40
5 5 5 5 5 20 32
5 5 5 5 5 640
5 5 5 5 8 8 50
5 5 5 5 8 10 40
5 5 5 5 8 16 25
5 5 5 5 8 20 20
5 5 5 5 8 400
5 5 5 5 10 10 32
5 5 5 5 10 16 20
5 5 5 5 10 320
5 5 5 5 16 200
5 5 5 5 20 160
5 5 5 5 25 128
5 5 5 5 32 100
5 5 5 5 40 80
5 5 5 5 50 64
5 5 5 5 3200
5 5 5 8 8 10 25
5 5 5 8 8 250
5 5 5 8 10 10 20
5 5 5 8 10 200
5 5 5 8 16 125
5 5 5 8 20 100
5 5 5 8 25 80
5 5 5 8 40 50
5 5 5 8 2000
5 5 5 10 10 10 16
5 5 5 10 10 160
5 5 5 10 16 100
5 5 5 10 20 80
5 5 5 10 25 64
5 5 5 10 32 50
5 5 5 10 40 40
5 5 5 10 1600
5 5 5 16 20 50
5 5 5 16 25 40
5 5 5 16 1000
5 5 5 20 20 40
5 5 5 20 25 32
5 5 5 20 800
5 5 5 25 640
5 5 5 32 500
5 5 5 40 400
5 5 5 50 320
5 5 5 64 250
5 5 5 80 200
5 5 5 100 160
5 5 5 125 128
5 5 5 16000
5 5 8 8 10 125
5 5 8 8 25 50
5 5 8 8 1250
5 5 8 10 10 10 10
5 5 8 10 10 100
5 5 8 10 20 50
5 5 8 10 25 40
5 5 8 10 1000
5 5 8 16 25 25
5 5 8 16 625
5 5 8 20 20 25
5 5 8 20 500
5 5 8 25 400
5 5 8 40 250
5 5 8 50 200
5 5 8 80 125
5 5 8 100 100
5 5 8 10000
5 5 10 10 10 80
5 5 10 10 16 50
5 5 10 10 20 40
5 5 10 10 25 32
5 5 10 10 800
5 5 10 16 20 25
5 5 10 16 500
5 5 10 20 20 20
5 5 10 20 400
5 5 10 25 320
5 5 10 32 250
5 5 10 40 200
5 5 10 50 160
5 5 10 64 125
5 5 10 80 100
5 5 10 8000
5 5 16 20 250
5 5 16 25 200
5 5 16 40 125
5 5 16 50 100
5 5 16 5000
5 5 20 20 200
5 5 20 25 160
5 5 20 32 125
5 5 20 40 100
5 5 20 50 80
5 5 20 4000
5 5 25 25 128
5 5 25 32 100
5 5 25 40 80
5 5 25 50 64
5 5 25 3200
5 5 80000
5 5 32 50 50
5 5 32 2500
5 5 40 40 50
5 5 40 2000
5 5 50 1600
5 5 64 1250
5 5 80 1000
5 5 100 800
5 5 125 640
5 5 128 625
5 5 160 500
5 5 200 400
5 5 250 320
5 400000
5 8 8 10 25 25
5 8 8 10 625
5 8 8 25 250
5 8 8 50 125
5 8 8 6250
5 8 10 10 10 50
5 8 10 10 20 25
5 8 10 10 500
5 8 10 20 250
5 8 10 25 200
5 8 10 40 125
5 8 10 50 100
5 8 10 5000
5 8 16 25 125
5 8 16 3125
5 8 20 20 125
5 8 20 25 100
5 8 20 50 50
5 8 20 2500
5 8 25 25 80
5 8 25 40 50
5 8 25 2000
5 8 40 1250
5 8 50000
5 8 50 1000
5 8 80 625
5 8 100 500
5 8 125 400
5 8 200 250
5 10 10 10 10 40
5 10 10 10 16 25
5 10 10 10 20 20
5 10 10 10 400
5 10 10 16 250
5 10 10 20 200
5 10 10 25 160
5 10 10 32 125
5 10 10 40 100
5 10 10 50 80
5 10 10 4000
5 10 16 20 125
5 10 16 25 100
5 10 16 50 50
5 10 16 2500
5 10 20 20 100
5 10 20 25 80
5 10 20 40 50
5 10 20 2000
5 10 25 25 64
5 10 25 32 50
5 10 25 40 40
5 10 25 1600
5 10 32 1250
5 10 40 1000
5 10 50 800
5 10 40000
5 10 64 625
5 10 80 500
5 10 100 400
5 10 125 320
5 10 160 250
5 10 200 200
5 16 20 25 50
5 16 20 1250
5 16 25 25 40
5 16 25 1000
5 16 40 625
5 16 50 500
5 16 25000
5 16 100 250
5 16 125 200
5 20 20 20 50
5 20 20 25 40
5 20 20 1000
5 20 25 25 32
5 20 25 800
5 20 32 625
5 20 40 500
5 20 50 400
5 20 80 250
5 20 100 200
5 20 20000
5 20 125 160
5 25 25 640
5 25 32 500
5 25 40 400
5 25 50 320
5 25 64 250
5 25 80 200
5 25 100 160
5 25 125 128
5 25 16000
5 32 50 250
5 32 100 125
5 32 12500
5 40 40 250
5 40 50 200
5 40 80 125
5 40 100 100
5 40 10000
5 50 50 160
5 50 64 125
5 50 80 100
5 50 8000
5 64 6250
5 80 5000
5 100 4000
5 125 3200
5 128 3125
5 160 2500
5 200 2000
5 250 1600
5 320 1250
5 400 1000
5 500 800
5 625 640
8 8 10 25 125
8 8 10 3125
8 8 25 25 50
8 8 25 1250
8 8 50 625
8 8 31250
8 8 125 250
8 250000
8 10 10 10 10 25
8 10 10 10 250
8 10 10 20 125
8 10 10 25 100
8 10 10 50 50
8 10 10 2500
8 10 20 25 50
8 10 20 1250
8 10 25 25 40
8 10 25 1000
8 10 40 625
8 10 50 500
8 10 25000
8 10 100 250
8 10 125 200
8 16 25 25 25
8 16 25 625
8 16 125 125
8 16 15625
8 20 20 25 25
8 20 20 625
8 20 25 500
8 20 50 250
8 20 100 125
8 20 12500
8 25 25 400
8 25 40 250
8 25 50 200
8 25 80 125
8 25 100 100
8 25 10000
8 40 50 125
8 40 6250
8 50 50 100
8 50 5000
8 80 3125
8 100 2500
8 125 2000
8 200 1250
8 250 1000
8 400 625
8 500 500
10 10 10 10 10 20
10 10 10 10 200
10 10 10 16 125
10 10 10 20 100
10 10 10 25 80
10 10 10 40 50
10 10 10 2000
10 10 16 25 50
10 10 16 1250
10 10 20 20 50
10 10 20 25 40
10 10 20 1000
10 10 25 25 32
10 10 25 800
10 10 32 625
10 10 40 500
10 10 50 400
10 10 80 250
10 10 100 200
10 10 20000
10 10 125 160
10 200000
10 16 20 25 25
10 16 20 625
10 16 25 500
10 16 50 250
10 16 100 125
10 16 12500
10 20 20 20 25
10 20 20 500
10 20 25 400
10 20 40 250
10 20 50 200
10 20 80 125
10 20 100 100
10 20 10000
10 25 25 320
10 25 32 250
10 25 40 200
10 25 50 160
10 25 64 125
10 25 80 100
10 25 8000
10 32 50 125
10 32 6250
10 40 40 125
10 40 50 100
10 40 5000
10 50 50 80
10 50 4000
10 64 3125
10 80 2500
10 100 2000
10 125 1600
10 160 1250
10 200 1000
10 250 800
10 320 625
10 400 500
16 125000
16 20 25 250
16 20 50 125
16 20 6250
16 25 25 200
16 25 40 125
16 25 50 100
16 25 5000
16 40 3125
16 50 50 50
16 50 2500
16 100 1250
16 125 1000
16 200 625
16 250 500
20 20 20 250
20 20 25 200
20 20 40 125
20 20 50 100
20 20 5000
20 100000
20 25 25 160
20 25 32 125
20 25 40 100
20 25 50 80
20 25 4000
20 32 3125
20 40 50 50
20 40 2500
20 50 2000
20 80 1250
20 100 1000
20 125 800
20 160 625
20 200 500
20 250 400
25 25 25 128
25 25 32 100
25 25 40 80
25 25 50 64
25 25 3200
25 80000
25 32 50 50
25 32 2500
25 40 40 50
25 40 2000
25 50 1600
25 64 1250
25 80 1000
25 100 800
25 125 640
25 128 625
25 160 500
25 200 400
25 250 320
32 62500
32 50 1250
32 100 625
32 125 500
32 250 250
40 40 1250
40 50000
40 50 1000
40 80 625
40 100 500
40 125 400
40 200 250
50 50 800
50 40000
50 64 625
50 80 500
50 100 400
50 125 320
50 160 250
50 200 200
64 31250
64 125 250
80 25000
80 100 250
80 125 200
100 100 200
100 20000
100 125 160
125 125 128
125 16000
128 15625
160 12500
200 10000
250 8000
320 6250
400 5000
500 4000
625 3200
640 3125
800 2500
1000 2000
1250 1600
